[CCD]
ScanMode=0
ExpTime=300
BinMin=175
BinMax=225
Gain=2
Cooling=1
Temp=-60
isMirr=1
CCDNum=1
CCD=0;
ReadoutRate=0.4000000059604645
TransferRate=16.1299991607666
