[unit]
type = 1
laser = 532.000000

[spectral_splice]
overlap = 0.150000